/**:
  ros__parameters:
    p0: [164.29392211251695, 47.40068430031194, 0.0]
    gnss0: [35.68933509666667, 140.02148523333332, 53.0]
    p1: [110.10589599609375, 143.11460876464844]
    gnss1: [35.689096791666664, 140.02030084833333]
    a: 6378137.0
    F: 298.257222
    m0: 0.9999
    ignore_th_cov: 1000.0
    # range_limit: [0., 0., 272.9515075683594, 172.54762268066406]
