/**:
  ros__parameters:
    p0: [164.29392211251695, 47.40068430031194]
    gnss0: [35.68933509666667, 140.02148523333332]
    # p1: [59.33165740966797, 159.38681030273438]
    p1: [58.92072296142578, 158.1027069091797]
    gnss1: [35.688686698333335, 140.02004203333334]
    a: 6378137.0
    F: 298.257222
    m0: 0.9999
    theta_offset: -17.5
    ignore_th_cov: 16.0