/**:
  ros__parameters:
    p0: [-0.04613610518881555, 0.10713541606642694, -0.07801946013724306]
    gnss0: [-0.000135655462704628, -0.0001347502293765223, 0.21616219822317362]
    p1: [5.5663636794726115, 8.885238326740312]
    gnss1: [-0.00021460116061412394, -0.00018572578442608106]
    a: 6378137.0
    F: 298.257222
    m0: 0.9999
    ignore_th_cov: 1000.0
    # range_limit: [0., 0., 272.9515075683594, 172.54762268066406]
