/**:
  ros__parameters:
    p0: [3.6478453959598953, 4.276522951269051]
    gnss0: [-7.68719558000352e-05, -5.391084465542892e-05]
    p1: [11.88779469231537, 10.185433107862428]
    gnss1: [-0.0001308747295041862, -0.0001296737851049013]
    a: 6378137.0
    F: 298.257222
    m0: 0.999
    ignore_th_cov: 16.0
    range_limit: [0., 0., 15., 10.]
    